Switch after epoch 100. Columns up to 99->100 are BEFORE the switch (reference); 100->101 is the first CE epoch.
Values: val accuracy at the later epoch minus val accuracy at the earlier epoch, percentage points.

[1] MEAN epoch-to-epoch change, KD->CE (10 seeds)
teacher   ce_e20  ce_e50  ce_e100  kd_g1  kd_g2
98->99      0.03    0.05     0.05   0.11   0.06
99->100    -0.13    0.09     0.03  -0.03  -0.02
100->101    0.59    0.38     0.01   0.00   0.02
101->102    0.71    0.05    -0.03   0.02   0.11
102->103    0.53    0.13     0.05  -0.01   0.01
103->104    0.60   -0.01    -0.03   0.13   0.08
104->105    0.76    0.22     0.07   0.04  -0.00
105->106    0.47    0.07    -0.03  -0.06   0.03
106->107    0.77    0.01     0.03   0.02   0.11
107->108    0.53    0.15     0.01   0.02   0.02
108->109    0.65    0.01    -0.03   0.06  -0.03
109->110    0.63    0.03     0.02  -0.00   0.07
110->111    0.58    0.01    -0.04  -0.01   0.06
111->112    0.71    0.01     0.12  -0.07  -0.09
112->113    0.51    0.14    -0.07   0.04   0.00
113->114    0.58    0.07     0.00   0.07   0.10
114->115    0.59    0.14     0.09  -0.05   0.05
115->116    0.62   -0.00    -0.03   0.08   0.02
116->117    0.56    0.04    -0.02  -0.04   0.05
117->118    0.39   -0.00     0.08   0.03  -0.11
118->119    0.72    0.13    -0.07   0.05   0.16
119->120    0.30    0.04    -0.02  -0.03  -0.06
120->121    0.29    0.02     0.10  -0.03  -0.06
121->122    0.76    0.09    -0.03   0.04   0.09
122->123    0.24    0.02    -0.04  -0.02   0.01
123->124    0.51   -0.06     0.05   0.01  -0.07
124->125    0.40    0.17    -0.03   0.04   0.01
125->126    0.32   -0.05    -0.08  -0.01   0.11
126->127    0.52    0.09     0.05   0.04   0.07
127->128    0.32   -0.07     0.01  -0.02  -0.11
128->129    0.34    0.09     0.06   0.03   0.04
129->130    0.51    0.13    -0.00   0.03  -0.02
130->131    0.12   -0.08    -0.03  -0.08   0.04
131->132    0.30    0.10     0.08   0.07   0.07
132->133    0.58    0.14    -0.09  -0.06  -0.04
133->134    0.07   -0.04     0.09  -0.06  -0.05
134->135    0.15   -0.05    -0.09   0.11   0.17
135->136    0.41    0.09     0.10  -0.07  -0.09
136->137    0.14    0.02    -0.12   0.06  -0.00
137->138    0.13   -0.05     0.13   0.04   0.02
138->139    0.12    0.06    -0.00  -0.01   0.01
139->140    0.32    0.19    -0.03  -0.06   0.08
140->141    0.07   -0.11    -0.03   0.02  -0.06
141->142    0.07    0.02     0.05   0.01   0.04
142->143    0.39    0.13    -0.01   0.00   0.02
143->144    0.15   -0.14    -0.02   0.03  -0.03
144->145    0.18    0.18    -0.03  -0.03  -0.02
145->146    0.14   -0.11    -0.00   0.03   0.05
146->147   -0.02    0.06     0.04  -0.07  -0.12
147->148    0.26    0.09     0.01   0.10   0.09
148->149    0.49   -0.01    -0.01  -0.03   0.06
149->150   -0.36    0.02     0.02  -0.00  -0.08
150->151    0.54   -0.02     0.00   0.00   0.05
151->152   -0.06    0.12    -0.04  -0.05   0.02
152->153   -0.02   -0.15    -0.01   0.11  -0.03
153->154    0.14   -0.02     0.07  -0.06   0.05
154->155    0.23    0.14    -0.00  -0.02  -0.03
155->156    0.11    0.04    -0.10   0.05   0.06
156->157   -0.11   -0.12     0.02  -0.10  -0.05
157->158    0.26    0.12     0.05   0.13   0.04
158->159    0.21    0.07    -0.09  -0.03  -0.07
159->160   -0.06    0.04     0.06   0.01   0.07

[2] MEAN epoch-to-epoch change, no switch: KD-only rows, and CE-only (CE the whole time)
teacher   ce_e20  ce_e50  ce_e100  kd_g1  kd_g2  ce_only
98->99      0.03    0.05     0.05   0.11   0.06     0.05
99->100    -0.13    0.09     0.03  -0.03  -0.02    -0.11
100->101    0.14   -0.01    -0.03  -0.03  -0.07     0.18
101->102   -0.00   -0.09     0.02  -0.03   0.11    -0.17
102->103    0.09   -0.01     0.01   0.08  -0.08     0.11
103->104   -0.09    0.05    -0.07  -0.05   0.04     0.05
104->105   -0.13    0.08     0.11   0.03  -0.01    -0.14
105->106   -0.00   -0.11    -0.09   0.02   0.04     0.04
106->107    0.07    0.05    -0.04  -0.05  -0.05     0.09
107->108   -0.11    0.10    -0.02  -0.02   0.04    -0.00
108->109    0.05   -0.12     0.15   0.08  -0.02    -0.02
109->110    0.07   -0.01    -0.07  -0.04   0.02    -0.01
110->111   -0.03   -0.02    -0.07   0.06  -0.01    -0.04
111->112   -0.04    0.09     0.12  -0.03  -0.03     0.01
112->113    0.00   -0.09    -0.09  -0.10  -0.02    -0.02
113->114   -0.00    0.09     0.01   0.09   0.08     0.10
114->115    0.14   -0.06     0.07  -0.02   0.03    -0.04
115->116   -0.08    0.03    -0.04   0.01   0.01    -0.10
116->117   -0.04   -0.04     0.02   0.02  -0.17    -0.02
117->118    0.02    0.03     0.02   0.03   0.11     0.04
118->119    0.10   -0.06     0.05  -0.02  -0.07    -0.04
119->120   -0.20    0.06    -0.07  -0.06   0.03     0.05
120->121    0.08   -0.12     0.05   0.00  -0.03     0.06
121->122    0.02    0.14     0.03   0.10   0.06    -0.04
122->123   -0.05   -0.07    -0.06  -0.06   0.00    -0.00
123->124    0.02    0.01    -0.00   0.05  -0.06     0.04
124->125    0.04    0.03     0.02  -0.09   0.04    -0.14
125->126   -0.08    0.00    -0.04   0.06   0.00     0.05
126->127    0.03   -0.02     0.01   0.00   0.07    -0.06
127->128    0.09   -0.02    -0.02   0.00  -0.04    -0.03
128->129   -0.07   -0.01     0.11  -0.03  -0.00     0.06
129->130   -0.02    0.05     0.01   0.04   0.07     0.11
130->131   -0.06   -0.02    -0.11  -0.02  -0.07    -0.13
131->132    0.06   -0.04     0.02  -0.03   0.05     0.16
132->133    0.05    0.07     0.04   0.05  -0.03    -0.13
133->134   -0.03   -0.09    -0.10  -0.05  -0.02    -0.02
134->135    0.01    0.10     0.03   0.03   0.08     0.10
135->136    0.01   -0.10    -0.01  -0.01  -0.04    -0.00
136->137   -0.04    0.03     0.05   0.04   0.00    -0.19
137->138    0.03    0.10    -0.05  -0.02   0.05     0.11
138->139   -0.04   -0.04     0.14   0.02  -0.01     0.02
139->140   -0.02   -0.03    -0.09  -0.12   0.07    -0.04
140->141    0.05    0.04     0.02   0.06  -0.05     0.07
141->142   -0.07   -0.02     0.05  -0.02  -0.02     0.07
142->143    0.01    0.02    -0.14   0.09   0.01    -0.14
143->144    0.06   -0.02     0.06  -0.03  -0.01     0.06
144->145   -0.04    0.01     0.02  -0.01  -0.08     0.08
145->146   -0.03   -0.00     0.10  -0.03   0.12    -0.03
146->147   -0.14   -0.02    -0.11   0.02  -0.09    -0.02
147->148    0.27    0.05     0.05  -0.01   0.08    -0.06
148->149   -0.24   -0.02    -0.08   0.06  -0.03     0.08
149->150    0.14    0.03     0.09  -0.08  -0.03    -0.08
150->151    0.02   -0.03    -0.01   0.04   0.01    -0.04
151->152    0.04    0.00     0.00  -0.03  -0.00     0.05
152->153   -0.09   -0.03    -0.00   0.04   0.04     0.03
153->154    0.06   -0.01     0.00  -0.01  -0.07    -0.05
154->155   -0.07    0.03    -0.04   0.05   0.12     0.03
155->156   -0.03    0.03    -0.04  -0.04  -0.05    -0.05
156->157   -0.01   -0.04    -0.00  -0.06  -0.07     0.02
157->158    0.15   -0.08     0.08   0.01   0.07     0.02
158->159   -0.13    0.04    -0.09   0.01  -0.02     0.10
159->160    0.00    0.01     0.09  -0.01  -0.02    -0.12

[3] NUMBER OF SEEDS (of 10) whose accuracy DROPPED at that epoch, KD->CE
teacher   ce_e20  ce_e50  ce_e100  kd_g1  kd_g2
98->99         3       3        5      2      3
99->100        7       4        5      6      5
100->101       0       0        5      4      4
101->102       0       6        5      4      2
102->103       2       3        5      7      4
103->104       0       6        6      2      4
104->105       0       1        3      3      5
105->106       0       3        5      6      5
106->107       0       4        3      4      2
107->108       1       2        4      2      4
108->109       1       5        6      3      5
109->110       1       6        4      5      3
110->111       2       6        6      4      4
111->112       0       6        2      7      6
112->113       1       2        8      2      3
113->114       0       4        6      0      3
114->115       2       3        2      5      3
115->116       1       5        8      3      5
116->117       0       4        6      6      3
117->118       1       4        4      4      7
118->119       0       2        7      3      1
119->120       2       5        5      6      9
120->121       2       5        3      7      6
121->122       2       5        5      5      3
122->123       3       5        5      5      5
123->124       1       6        4      3      7
124->125       1       2        6      4      4
125->126       1       7        7      4      3
126->127       2       4        4      5      3
127->128       3       5        2      5      9
128->129       5       4        3      4      4
129->130       1       3        5      4      5
130->131       3       7        6      7      3
131->132       1       3        3      2      2
132->133       2       3        7      7      5
133->134       6       6        2      7      6
134->135       5       7        8      3      1
135->136       2       4        2      8      9
136->137       4       4        8      3      6
137->138       3       7        2      5      4
138->139       4       3        4      3      4
139->140       2       2        6      5      3
140->141       5       7        6      5      5
141->142       3       5        3      5      4
142->143       2       3        5      6      4
143->144       4       6        5      5      7
144->145       2       2        4      7      5
145->146       5       8        5      5      5
146->147       5       4        3      8      8
147->148       2       3        6      3      1
148->149       1       5        6      6      3
149->150       6       5        4      5      5
150->151       1       5        5      5      4
151->152       6       2        6      4      6
152->153       4       7        6      2      7
153->154       5       6        4      7      5
154->155       3       3        4      5      7
155->156       5       5        7      5      3
156->157       6       6        4      7      5
157->158       3       3        4      1      6
158->159       3       4        8      5      6
159->160       6       4        4      4      4

[4] NUMBER OF SEEDS (of 10) whose accuracy DROPPED at that epoch, KD-only
teacher   ce_e20  ce_e50  ce_e100  kd_g1  kd_g2
98->99         3       3        5      2      3
99->100        7       4        5      6      5
100->101       2       7        4      5      4
101->102       4       5        3      7      3
102->103       2       5        5      2      7
103->104       6       3        7      7      4
104->105       7       4        3      2      5
105->106       6       7        7      4      4
106->107       4       4        4      5      6
107->108       8       2        6      6      3
108->109       3       5        2      2      6
109->110       3       5        6      6      4
110->111       6       5        6      3      6
111->112       5       4        1      4      5
112->113       6       8        6      6      5
113->114       6       2        5      1      2
114->115       3       5        3      5      3
115->116       5       4        6      5      4
116->117       4       6        5      5      8
117->118       5       3        3      4      3
118->119       4       5        4      5      7
119->120       7       3        7      6      5
120->121       5       8        3      4      5
121->122       5       2        5      2      4
122->123       6       6        6      8      6
123->124       3       6        6      3      6
124->125       4       5        4      7      6
125->126       6       2        6      5      4
126->127       3       5        4      6      1
127->128       4       5        6      2      6
128->129       5       5        1      5      5
129->130       5       5        3      4      4
130->131       7       5        8      5      7
131->132       4       6        6      6      3
132->133       4       5        3      4      5
133->134       5       6        6      5      6
134->135       5       2        3      4      4
135->136       5       6        6      5      6
136->137       5       7        4      3      4
137->138       4       3        7      5      5
138->139       5       6        1      4      4
139->140       6       5        7      9      2
140->141       4       5        3      3      4
141->142       5       6        2      6      6
142->143       5       5        9      2      6
143->144       4       4        3      5      4
144->145       7       4        4      6      6
145->146       6       4        2      7      1
146->147       5       3        8      3      5
147->148       1       3        3      5      4
148->149       8       5        8      4      5
149->150       2       3        1      8      4
150->151       4       5        6      3      5
151->152       5       7        6      5      6
152->153       7       6        5      4      4
153->154       4       6        4      5      7
154->155       5       4        6      3      2
155->156       5       4        7      7      6
156->157       3       5        3      5      6
157->158       1       6        4      6      2
158->159       8       4        5      6      5
159->160       2       5        3      5      5

[5] MEAN cumulative change since epoch 100, KD->CE
teacher   ce_e20  ce_e50  ce_e100  kd_g1  kd_g2
98->99      0.13   -0.09    -0.03   0.03   0.02
99->100     0.00    0.00     0.00   0.00   0.00
100->101    0.59    0.38     0.01   0.00   0.02
101->102    1.30    0.43    -0.03   0.02   0.13
102->103    1.83    0.56     0.02   0.01   0.14
103->104    2.43    0.55    -0.00   0.14   0.22
104->105    3.19    0.77     0.07   0.18   0.22
105->106    3.66    0.84     0.04   0.12   0.25
106->107    4.42    0.85     0.07   0.14   0.36
107->108    4.96    1.00     0.09   0.16   0.38
108->109    5.61    1.01     0.06   0.22   0.35
109->110    6.24    1.04     0.08   0.22   0.42
110->111    6.82    1.05     0.04   0.21   0.48
111->112    7.53    1.06     0.16   0.15   0.39
112->113    8.04    1.20     0.09   0.18   0.39
113->114    8.62    1.26     0.09   0.25   0.49
114->115    9.22    1.41     0.18   0.20   0.54
115->116    9.84    1.40     0.15   0.29   0.56
116->117   10.40    1.44     0.13   0.25   0.61
117->118   10.79    1.44     0.21   0.28   0.49
118->119   11.52    1.57     0.14   0.33   0.65
119->120   11.82    1.61     0.12   0.30   0.59
120->121   12.11    1.63     0.22   0.28   0.53
121->122   12.87    1.71     0.19   0.32   0.62
122->123   13.11    1.74     0.14   0.30   0.63
123->124   13.63    1.68     0.19   0.31   0.56
124->125   14.02    1.85     0.16   0.35   0.57
125->126   14.35    1.80     0.08   0.35   0.68
126->127   14.86    1.89     0.13   0.39   0.76
127->128   15.18    1.83     0.14   0.36   0.64
128->129   15.52    1.91     0.20   0.39   0.68
129->130   16.03    2.04     0.20   0.42   0.67
130->131   16.15    1.96     0.17   0.34   0.71
131->132   16.45    2.06     0.25   0.41   0.77
132->133   17.03    2.20     0.16   0.35   0.73
133->134   17.10    2.16     0.25   0.30   0.68
134->135   17.25    2.11     0.16   0.40   0.85
135->136   17.66    2.20     0.25   0.33   0.76
136->137   17.79    2.22     0.13   0.39   0.76
137->138   17.93    2.18     0.26   0.43   0.78
138->139   18.04    2.23     0.25   0.42   0.79
139->140   18.37    2.42     0.23   0.36   0.87
140->141   18.43    2.32     0.20   0.38   0.81
141->142   18.50    2.34     0.25   0.40   0.85
142->143   18.89    2.46     0.24   0.40   0.87
143->144   19.03    2.32     0.22   0.43   0.85
144->145   19.21    2.50     0.19   0.40   0.83
145->146   19.36    2.39     0.19   0.43   0.88
146->147   19.33    2.45     0.23   0.36   0.76
147->148   19.59    2.54     0.23   0.45   0.85
148->149   20.07    2.53     0.23   0.42   0.91
149->150   19.71    2.55     0.25   0.42   0.83
150->151   20.25    2.53     0.25   0.42   0.88
151->152   20.19    2.65     0.21   0.37   0.90
152->153   20.17    2.50     0.20   0.48   0.87
153->154   20.32    2.48     0.27   0.42   0.91
154->155   20.55    2.62     0.27   0.40   0.88
155->156   20.66    2.66     0.16   0.45   0.94
156->157   20.55    2.55     0.19   0.36   0.89
157->158   20.81    2.67     0.24   0.49   0.93
158->159   21.02    2.74     0.14   0.46   0.85
159->160   20.96    2.78     0.20   0.47   0.92

[per seed] KD->CE, teacher ce_e20: epoch-to-epoch change
seed         0     1     2     3     4     5     6     7     8     9
98->99    0.02 -0.06  0.10  0.08 -0.32 -0.24  0.06  0.10  0.12  0.44
99->100   0.30  0.08 -0.34 -0.24 -0.30 -0.16 -0.10 -0.24 -0.34  0.00
100->101  0.34  0.36  1.00  0.10  0.88  0.78  0.72  0.66  0.58  0.46
101->102  0.70  0.72  0.78  1.08  1.04  0.62  0.44  0.78  0.54  0.42
102->103  0.88  0.42 -0.12  0.94  0.48  1.28  0.42 -0.14  0.52  0.58
103->104  0.50  0.54  0.92  0.36  0.18  0.44  0.80  1.08  0.64  0.58
104->105  0.58  0.72  0.66  0.80  1.00  0.46  0.68  0.58  1.16  0.94
105->106  0.26  0.78  0.64  0.28  0.40  0.54  0.62  0.62  0.06  0.48
106->107  0.94  0.52  0.70  0.70  1.32  1.16  0.18  0.70  0.40  1.06
107->108  0.42  0.28  0.26  0.88  1.26 -0.06  0.90  0.44  0.32  0.64
108->109  0.46  1.16  0.74  0.78 -0.34  1.06  0.62  0.56  1.08  0.40
109->110  0.96  0.18  1.12  0.38  0.80  0.80  0.60  0.70 -0.32  1.10
110->111  0.52  0.40  0.80  0.98  1.14 -0.18  0.64  0.50  1.08 -0.06
111->112  0.66  0.60  0.96  0.68  1.12  0.94  0.76  0.42  0.62  0.34
112->113  0.54  0.60  0.60  0.54 -0.14  0.22  0.22  0.62  0.94  0.92
113->114  0.06  0.64  0.62  0.72  0.60  0.40  1.16  0.88  0.20  0.54
114->115  1.28  1.14  0.48 -0.20  0.50  0.60 -0.08  0.46  0.56  1.20
115->116  0.54 -0.40  0.74  0.78  0.54  0.54  0.90  1.10  1.22  0.26
116->117  0.14  0.68  0.54  0.92  0.64  0.62  0.52  0.58  0.22  0.78
117->118  0.38  1.06  0.26  0.54  0.82  0.48  0.12 -0.26  0.28  0.24
118->119  1.00  0.28  0.54  0.92  0.02  0.66  1.28  1.12  0.34  1.06
119->120  0.30  0.64  0.40 -0.04  0.80  0.36  0.36 -0.48  0.36  0.32
120->121 -0.50  0.34  0.60  0.60 -0.02  0.58  0.92  0.10  0.22  0.10
121->122  1.40  0.22 -0.12  1.60  0.84  0.70 -0.64  1.68  0.14  1.80
122->123 -0.16  0.66  0.98  0.20  0.22  0.04  0.24 -0.24  1.12 -0.66
123->124  0.98  0.36  0.40 -0.88  0.54  0.46  1.00  1.28  0.40  0.60
124->125  0.08  0.84  0.12  1.58  0.04  0.78  0.04 -0.12  0.36  0.24
125->126  0.12  0.40  0.38  0.08  0.98 -0.78  0.54  0.82  0.08  0.60
126->127  0.34  0.48  0.84 -0.28  0.82  0.80  0.70  0.78  0.98 -0.30
127->128  0.30  0.22 -0.72  1.64 -0.10  0.90 -1.12  0.64  0.12  1.28
128->129 -0.10  0.32  1.68 -0.16 -0.10  0.42  1.98 -0.42  0.38 -0.62
129->130  0.80  0.38  0.40  0.18  1.82  0.84 -0.28  0.50  0.30  0.16
130->131  0.26  0.22 -0.62  0.72 -0.64 -0.38  0.38  0.46  0.12  0.68
131->132  0.24  0.38  0.74 -0.60  0.04  0.06  0.54  0.28  1.06  0.30
132->133  0.46 -0.32  0.68  1.20  0.24  1.80 -0.20  0.36  0.62  0.96
133->134  0.02 -0.04 -0.34 -0.26  0.66 -0.72  1.08  0.74 -0.18 -0.26
134->135  0.58  0.62  1.46  0.42 -0.70  0.50 -0.72 -0.40 -0.28 -0.02
135->136  0.24  0.10 -0.56  0.12  0.84 -0.20  1.00  0.90  0.76  0.90
136->137  0.90  0.52  0.44  0.66  0.22 -0.12 -0.32 -1.20  0.32 -0.04
137->138  0.22  0.34  0.04 -0.52 -1.30  0.62 -0.16  1.50  0.44  0.16
138->139  0.24  0.06  0.16  0.98  1.56 -0.12  0.16 -1.22 -0.60 -0.06
139->140  0.02 -0.04 -0.80  0.12  0.04  0.72  1.10  0.90  0.88  0.28
140->141 -0.46  0.70 -0.06  0.48 -0.38  0.26 -0.14  0.16 -0.10  0.22
141->142  0.32 -0.08  0.76 -0.92  0.24 -0.74  0.00  0.00  0.60  0.48
142->143  0.86  0.80  0.80  0.62  0.32  0.32 -0.06  0.18  0.70 -0.68
143->144 -0.58 -0.78  0.16  0.28 -0.02  0.20  0.80  1.02 -0.04  0.42
144->145  0.42  0.52  0.20  0.34  0.18  0.70 -0.12  0.08 -0.98  0.46
145->146 -0.66  0.46 -0.36 -0.32 -0.38 -0.14  0.82  0.28  1.30  0.44
146->147  0.34  0.44  0.22  0.66  0.86 -0.32 -0.28 -1.14 -0.66 -0.36
147->148  0.78 -0.34  0.32  0.42 -0.90  0.82  0.16  0.74  0.56  0.00
148->149  0.12 -0.10  0.10  0.42  1.44  0.18  0.76  0.86  0.34  0.74
149->150  0.12  0.20  0.46 -0.56  0.08 -0.82 -1.58 -1.08 -0.28 -0.18
150->151  0.36  0.90 -0.60  0.20  0.04  0.84  1.74  0.54  0.46  0.90
151->152 -0.08 -0.10  0.40 -0.16  0.26  0.22 -0.50 -0.16  0.28 -0.72
152->153 -0.66 -0.14 -0.36  0.18  0.06  0.18  0.50 -0.26  0.16  0.16
153->154  0.34  0.74  1.40 -0.26 -0.20 -0.34 -0.38  0.16 -0.18  0.16
154->155  0.22  0.16 -0.22 -0.22 -0.04  0.32  0.64  0.68  0.26  0.48
155->156  0.66 -0.78 -0.36  0.56  0.44  0.88 -0.04  0.56 -0.08 -0.72
156->157 -0.56  0.56 -0.50 -0.24  0.84 -0.64  0.10 -0.86 -0.26  0.46
157->158  0.12  0.58  0.52  0.56 -0.12  0.44 -0.26 -0.14  0.68  0.20
158->159  0.44 -0.14  0.16  0.28 -0.38  0.28  0.34  0.42  0.74 -0.02
159->160 -0.58 -0.10  1.10 -0.78  0.32 -0.84 -0.38  0.76 -0.48  0.42

[per seed] KD->CE, teacher ce_e50: epoch-to-epoch change
seed         0     1     2     3     4     5     6     7     8     9
98->99    0.30  0.10  0.06  0.04  0.02  0.04 -0.12 -0.14 -0.24  0.40
99->100   0.26  0.02 -0.18 -0.04 -0.06  0.10  0.46 -0.18  0.10  0.42
100->101  0.06  0.32  0.28  0.52  0.54  0.60  0.32  0.38  0.58  0.18
101->102  0.42 -0.02  0.08 -0.14 -0.02 -0.08 -0.02  0.28  0.20 -0.18
102->103 -0.06  0.28  0.22  0.16  0.12  0.06  0.38 -0.16 -0.04  0.38
103->104  0.04 -0.10 -0.04  0.08  0.30 -0.02 -0.08  0.00 -0.02 -0.28
104->105  0.30  0.28  0.20  0.08 -0.10  0.20  0.06  0.38  0.22  0.60
105->106 -0.26  0.16  0.14  0.24 -0.02  0.14  0.26  0.38  0.02 -0.40
106->107 -0.02 -0.10  0.12  0.08  0.16 -0.22  0.00 -0.52  0.16  0.42
107->108  0.18  0.22  0.12 -0.14  0.16  0.18  0.18  0.50  0.32 -0.24
108->109  0.18 -0.30  0.30 -0.10  0.38 -0.26 -0.30  0.08 -0.14  0.28
109->110  0.22  0.42 -0.22 -0.22 -0.48  0.56  0.40 -0.24 -0.04 -0.12
110->111 -0.14 -0.18  0.10  0.32  0.16 -0.20 -0.02  0.50 -0.28 -0.12
111->112 -0.10 -0.06 -0.16 -0.02  0.06  0.26 -0.02 -0.16  0.26  0.04
112->113  0.38  0.34  0.00  0.44  0.06  0.12  0.18 -0.22  0.12 -0.04
113->114 -0.50 -0.16  0.32  0.16  0.20 -0.14  0.10  0.34 -0.02  0.36
114->115  0.40  0.24  0.04 -0.02 -0.08  0.28 -0.24  0.14  0.36  0.30
115->116  0.14  0.28 -0.06  0.10 -0.22 -0.34  0.20 -0.10 -0.18  0.16
116->117  0.12 -0.04 -0.24 -0.34  0.22  0.54  0.08  0.24  0.00 -0.22
117->118 -0.30 -0.14  0.22  0.02  0.14  0.12 -0.04 -0.20  0.16  0.00
118->119  0.36  0.00  0.36  0.38 -0.06 -0.10  0.08  0.20  0.08  0.02
119->120 -0.08  0.40 -0.14 -0.20 -0.14 -0.10  0.10  0.08  0.06  0.40
120->121  0.10 -0.18  0.16  0.42  0.28 -0.06  0.42 -0.16 -0.38 -0.40
121->122 -0.24 -0.02  0.08 -0.28  0.24 -0.04 -0.32  0.24  0.60  0.60
122->123  0.16  0.30 -0.26 -0.04 -0.04  0.56  0.14  0.00 -0.24 -0.36
123->124  0.48 -0.20 -0.06  0.14 -0.32 -0.36 -0.02  0.08  0.00 -0.32
124->125 -0.04  0.38  0.20  0.36  0.18  0.08  0.20 -0.06  0.02  0.40
125->126 -0.12 -0.08 -0.08  0.06  0.02 -0.16 -0.14 -0.14 -0.02  0.20
126->127  0.50  0.28 -0.08 -0.04 -0.26  0.18  0.38  0.32 -0.38  0.00
127->128 -0.64 -0.26  0.04  0.02  0.20  0.04 -0.38 -0.18  0.60 -0.10
128->129  0.08  0.04 -0.04 -0.04  0.50  0.20  0.32 -0.06 -0.28  0.14
129->130  0.52  0.14  0.38  0.26 -0.46  0.22  0.04 -0.02  0.22 -0.04
130->131 -0.22 -0.08 -0.32  0.30  0.00 -0.06 -0.26  0.22 -0.30 -0.10
131->132  0.26 -0.12  0.28 -0.26  0.44  0.38  0.00 -0.26  0.12  0.18
132->133  0.26  0.46  0.16  0.04 -0.06 -0.20  0.16  0.38  0.38 -0.16
133->134 -0.28 -0.02  0.14  0.20  0.04 -0.24  0.06 -0.20 -0.04 -0.04
134->135 -0.56 -0.06 -0.12 -0.08 -0.26  0.14 -0.20  0.54 -0.36  0.42
135->136  0.54 -0.04  0.28 -0.04  0.18  0.30  0.10 -0.08  0.10 -0.42
136->137 -0.32  0.20 -0.10  0.22 -0.22  0.16  0.12 -0.38  0.22  0.32
137->138 -0.28  0.00 -0.04 -0.24  0.48 -0.52 -0.02  0.52 -0.10 -0.26
138->139  0.50 -0.08  0.12  0.40 -0.44  0.34  0.12 -0.56  0.06  0.10
139->140  0.04  0.26 -0.14  0.06  0.38 -0.02  0.30  0.66  0.20  0.16
140->141  0.16  0.00 -0.08 -0.34 -0.20 -0.38 -0.30 -0.14  0.28 -0.08
141->142 -0.02  0.02  0.18 -0.02 -0.20  0.50 -0.04  0.24 -0.46  0.00
142->143  0.38 -0.04  0.18  0.44  0.42  0.02  0.06 -0.42  0.46 -0.24
143->144 -0.64  0.16 -0.22 -0.14 -0.50 -0.26  0.02  0.06 -0.26  0.38
144->145  0.34  0.12  0.22  0.28  0.42  0.22  0.10 -0.06  0.28 -0.16
145->146  0.28 -0.26 -0.02 -0.10 -0.24 -0.38 -0.24 -0.12 -0.18  0.16
146->147 -0.34  0.30 -0.06 -0.14  0.10  0.08  0.38  0.26  0.16 -0.14
147->148  0.50  0.44  0.14  0.14 -0.26  0.28 -0.26  0.00 -0.10  0.06
148->149 -0.26 -0.40 -0.04 -0.02  0.26 -0.22  0.22  0.16  0.14  0.04
149->150  0.04 -0.24 -0.08  0.08 -0.10  0.04 -0.02  0.22  0.24 -0.02
150->151 -0.22  0.42  0.16 -0.18  0.18  0.40 -0.40 -0.26 -0.34  0.08
151->152 -0.06  0.10  0.20  0.66  0.00 -0.14  0.04  0.12  0.24  0.02
152->153  0.12 -0.70 -0.42 -0.52 -0.26 -0.30  0.42 -0.02 -0.18  0.38
153->154  0.34  0.34  0.22 -0.06  0.36 -0.28 -0.36 -0.50 -0.10 -0.20
154->155 -0.26 -0.28  0.18  0.06  0.36  0.70  0.34  0.18  0.38 -0.22
155->156  0.24  0.34 -0.12  0.50 -0.36 -0.50 -0.18  0.26 -0.10  0.34
156->157 -0.50 -0.22  0.00 -0.18  0.04  0.34  0.26 -0.06 -0.06 -0.78
157->158  0.12  0.10 -0.08  0.04  0.46  0.18 -0.18  0.14 -0.10  0.54
158->159  0.40  0.20  0.08 -0.32 -0.22  0.20  0.32 -0.14  0.24 -0.08
159->160 -0.06  0.34  0.06  0.14  0.14 -0.20 -0.02  0.28 -0.38  0.12

[per seed] KD->CE, teacher ce_e100: epoch-to-epoch change
seed         0     1     2     3     4     5     6     7     8     9
98->99   -0.12 -0.04  0.02  0.36 -0.16  0.14 -0.08  0.24 -0.08  0.26
99->100   0.28  0.10  0.12 -0.30 -0.12 -0.24  0.14 -0.10 -0.08  0.46
100->101 -0.12  0.16 -0.16 -0.04  0.26  0.32 -0.04  0.18  0.04 -0.52
101->102  0.04 -0.30  0.02  0.14 -0.08 -0.26 -0.26 -0.08  0.10  0.34
102->103  0.24  0.32 -0.12  0.08 -0.10 -0.10  0.26 -0.02  0.14 -0.22
103->104 -0.20 -0.02  0.00 -0.06  0.06  0.12  0.06 -0.06 -0.12 -0.04
104->105 -0.10  0.08  0.12 -0.04 -0.12  0.00  0.18  0.34  0.24  0.02
105->106  0.18 -0.32  0.08  0.14  0.10  0.30 -0.22 -0.16 -0.36 -0.02
106->107  0.16  0.28  0.00 -0.14  0.16 -0.22  0.00 -0.20  0.20  0.10
107->108 -0.20  0.04  0.10  0.28 -0.20  0.14 -0.28  0.24  0.02 -0.02
108->109  0.00  0.14 -0.32 -0.28 -0.04 -0.16  0.38 -0.02  0.08 -0.04
109->110  0.20 -0.18  0.02  0.12  0.02  0.30  0.02 -0.14 -0.08 -0.04
110->111 -0.20  0.04 -0.06  0.28 -0.08 -0.16 -0.30  0.20 -0.26  0.10
111->112  0.20  0.00  0.30 -0.04  0.06  0.04  0.38 -0.10  0.26  0.10
112->113 -0.02  0.16 -0.38 -0.16 -0.12 -0.24 -0.06  0.14 -0.02 -0.02
113->114 -0.08 -0.18  0.24  0.10  0.04 -0.06  0.30 -0.08 -0.12 -0.12
114->115  0.16  0.08 -0.10  0.18  0.24  0.28 -0.34  0.10  0.26  0.02
115->116 -0.22  0.10 -0.02 -0.14 -0.04 -0.06 -0.04 -0.02 -0.08  0.20
116->117  0.02 -0.06 -0.10  0.06 -0.08 -0.02  0.12  0.26 -0.24 -0.16
117->118  0.24  0.24  0.40 -0.20  0.24 -0.04 -0.18 -0.20  0.28  0.02
118->119 -0.06 -0.30 -0.20 -0.20 -0.12  0.10 -0.04 -0.06  0.00  0.22
119->120 -0.08  0.12 -0.06  0.48  0.02 -0.34  0.02 -0.14  0.08 -0.34
120->121  0.26  0.02  0.30 -0.22 -0.22  0.30  0.28  0.18 -0.02  0.12
121->122 -0.32 -0.14 -0.14  0.02  0.22  0.02 -0.08  0.20 -0.16  0.06
122->123 -0.02  0.18 -0.16 -0.24  0.06  0.02 -0.06 -0.34  0.02  0.12
123->124  0.44  0.06  0.02  0.14 -0.14 -0.16  0.12  0.16 -0.04 -0.12
124->125 -0.30 -0.08 -0.10  0.12 -0.08  0.00 -0.20 -0.08  0.36  0.04
125->126  0.14 -0.34 -0.04 -0.10 -0.10  0.08  0.24 -0.02 -0.50 -0.16
126->127 -0.12  0.22  0.12  0.16  0.14 -0.18 -0.06 -0.04  0.14  0.14
127->128  0.00  0.14 -0.16  0.06 -0.04  0.02  0.00  0.02  0.02  0.02
128->129  0.14  0.14  0.38 -0.50  0.18  0.30  0.16 -0.08  0.16 -0.30
129->130 -0.16 -0.26 -0.12  0.22 -0.02  0.14 -0.12  0.10  0.00  0.20
130->131 -0.02 -0.06  0.08  0.08 -0.14 -0.26 -0.02  0.06 -0.08  0.10
131->132 -0.02  0.26 -0.02  0.08  0.30  0.06  0.02  0.16  0.08 -0.12
132->133  0.22 -0.18  0.02 -0.10 -0.14 -0.18 -0.10 -0.38 -0.20  0.16
133->134 -0.30  0.18  0.02  0.10  0.14  0.24  0.14  0.18 -0.02  0.18
134->135  0.18 -0.40 -0.34 -0.04 -0.10 -0.08 -0.14 -0.04  0.18 -0.14
135->136  0.08  0.16  0.24 -0.16  0.06  0.10 -0.14  0.30  0.28  0.04
136->137 -0.38 -0.08 -0.12  0.04 -0.02 -0.08  0.18 -0.24 -0.40 -0.12
137->138  0.34  0.24  0.10  0.00  0.24  0.16  0.18 -0.04  0.10 -0.06
138->139  0.22  0.06  0.00  0.08 -0.18 -0.14 -0.06 -0.02  0.00  0.02
139->140 -0.10 -0.14 -0.04  0.06  0.06 -0.04 -0.14  0.16 -0.12  0.04
140->141 -0.30  0.24  0.18 -0.02 -0.26 -0.02  0.14 -0.12  0.02 -0.18
141->142  0.20 -0.32 -0.14  0.14  0.22  0.00  0.06 -0.04  0.08  0.34
142->143 -0.20  0.20 -0.06 -0.10 -0.26  0.22 -0.16  0.14  0.10  0.04
143->144  0.04 -0.12  0.18 -0.34  0.10 -0.22 -0.12  0.32  0.12 -0.20
144->145  0.10  0.02 -0.06  0.40  0.04  0.18  0.00 -0.64 -0.20 -0.12
145->146  0.16 -0.14  0.02 -0.18 -0.14 -0.16 -0.06  0.36  0.10  0.04
146->147 -0.16  0.16  0.06  0.02  0.16  0.16  0.12 -0.10 -0.06  0.00
147->148 -0.04 -0.02 -0.14 -0.02  0.20 -0.08  0.06  0.26  0.00 -0.16
148->149  0.20 -0.06  0.12  0.40 -0.42 -0.14 -0.10 -0.14 -0.06  0.14
149->150 -0.04 -0.06 -0.14 -0.50  0.26  0.16  0.24  0.08  0.12  0.10
150->151 -0.22  0.04  0.06  0.16 -0.20 -0.02 -0.08 -0.06  0.22  0.12
151->152  0.02 -0.18 -0.02 -0.02  0.14  0.06 -0.02  0.06 -0.36 -0.06
152->153 -0.04  0.06  0.06  0.18  0.26 -0.24 -0.02 -0.20 -0.02 -0.16
153->154  0.08  0.28 -0.02 -0.24 -0.14  0.28  0.24  0.16  0.12 -0.06
154->155  0.10 -0.18  0.14  0.20 -0.12 -0.20 -0.28  0.10  0.06  0.14
155->156 -0.18 -0.46 -0.08 -0.10  0.10  0.20  0.10 -0.46 -0.04 -0.10
156->157  0.00  0.40  0.06 -0.20 -0.10 -0.08  0.04  0.18 -0.20  0.14
157->158  0.20 -0.04 -0.04  0.26  0.08  0.14  0.08 -0.02  0.16 -0.34
158->159 -0.30 -0.12 -0.26 -0.02 -0.02 -0.18 -0.12 -0.08  0.00  0.16
159->160  0.00  0.30  0.12 -0.06 -0.02  0.02  0.06  0.22 -0.02 -0.06

[per seed] KD->CE, teacher kd_g1: epoch-to-epoch change
seed         0     1     2     3     4     5     6     7     8     9
98->99    0.04  0.18  0.22  0.36 -0.14  0.52  0.18  0.00 -0.38  0.16
99->100  -0.18 -0.06  0.18 -0.12  0.00 -0.16 -0.28  0.30  0.10 -0.06
100->101  0.02 -0.04 -0.06 -0.12  0.20  0.14  0.04 -0.32  0.16  0.00
101->102  0.06  0.22  0.06 -0.04 -0.08 -0.16  0.04  0.26  0.04 -0.18
102->103  0.16 -0.12 -0.08  0.28  0.02 -0.06 -0.02 -0.18 -0.10 -0.02
103->104 -0.06  0.06  0.06 -0.06  0.22  0.02  0.12  0.16  0.22  0.56
104->105  0.00  0.02  0.22  0.12 -0.10  0.36  0.02  0.08 -0.10 -0.20
105->106  0.24 -0.14 -0.32 -0.08 -0.04 -0.06  0.18  0.02  0.06 -0.46
106->107 -0.34  0.04  0.18  0.06  0.28 -0.14 -0.26 -0.12  0.02  0.48
107->108 -0.12  0.22  0.04  0.12  0.06  0.06  0.00  0.04  0.10 -0.32
108->109  0.28 -0.20  0.12 -0.20  0.04  0.04  0.30  0.06 -0.08  0.24
109->110 -0.14  0.26 -0.02  0.04 -0.04 -0.12 -0.18  0.08  0.02  0.08
110->111  0.30  0.00 -0.26  0.14 -0.24  0.08  0.02  0.00 -0.04 -0.08
111->112 -0.06 -0.08 -0.08  0.12  0.02 -0.16 -0.12 -0.14  0.04 -0.22
112->113  0.10  0.02  0.02 -0.18 -0.14  0.30  0.12  0.10  0.00  0.02
113->114  0.10  0.02  0.02  0.06  0.12  0.16  0.00  0.06  0.00  0.16
114->115 -0.32 -0.24  0.16  0.14  0.12 -0.24  0.06 -0.08 -0.12  0.04
115->116  0.06  0.40 -0.06 -0.14 -0.24  0.12  0.22  0.30  0.10  0.06
116->117  0.24 -0.10 -0.06  0.00  0.24 -0.18  0.00 -0.20 -0.12 -0.18
117->118 -0.08 -0.02  0.02  0.18  0.10  0.00 -0.14 -0.06  0.10  0.18
118->119 -0.10  0.08  0.06  0.04 -0.02  0.20  0.08  0.10  0.10 -0.02
119->120 -0.06  0.04 -0.06 -0.18 -0.04 -0.12 -0.06  0.10  0.04  0.06
120->121  0.14 -0.02 -0.04  0.24  0.04 -0.16 -0.04 -0.14 -0.06 -0.22
121->122 -0.02 -0.02 -0.02 -0.28 -0.02  0.24  0.12  0.02  0.24  0.18
122->123  0.04 -0.02  0.16  0.02  0.08 -0.12 -0.02 -0.26 -0.16  0.06
123->124 -0.24  0.10 -0.28  0.26  0.02  0.02  0.00  0.34 -0.10  0.02
124->125  0.04  0.08  0.32 -0.02 -0.12 -0.10  0.12  0.02  0.22 -0.14
125->126  0.02 -0.30 -0.04  0.06 -0.02 -0.02  0.12  0.04  0.02  0.04
126->127  0.22  0.44 -0.08  0.14 -0.10  0.08 -0.06 -0.06  0.02 -0.20
127->128 -0.14 -0.08  0.04 -0.16 -0.04  0.04 -0.18  0.00  0.14  0.14
128->129 -0.12  0.10  0.22 -0.10  0.34 -0.08  0.20  0.00 -0.24  0.00
129->130  0.34 -0.28 -0.18  0.16  0.10  0.08 -0.06 -0.04  0.02  0.14
130->131 -0.30  0.18 -0.18 -0.10 -0.08 -0.14 -0.18  0.06 -0.10  0.04
131->132  0.26 -0.18  0.26  0.08 -0.20  0.04  0.22  0.06  0.00  0.16
132->133 -0.16  0.02 -0.18 -0.02 -0.26  0.06 -0.06  0.10 -0.04 -0.04
133->134 -0.06 -0.12 -0.10 -0.12  0.26  0.06  0.08 -0.30 -0.04 -0.24
134->135  0.36  0.08 -0.06 -0.06  0.38 -0.10  0.00  0.12  0.18  0.16
135->136 -0.26 -0.06  0.36 -0.06 -0.32  0.08 -0.10 -0.10 -0.04 -0.22
136->137 -0.08  0.36 -0.26  0.44  0.02 -0.30  0.04  0.14  0.16  0.08
137->138  0.18 -0.08  0.34 -0.24 -0.06  0.38  0.06 -0.06 -0.40  0.28
138->139 -0.14  0.00 -0.30  0.10  0.36 -0.34  0.00  0.02  0.16  0.02
139->140  0.10  0.12  0.08 -0.22 -0.50  0.06 -0.08 -0.10 -0.02  0.00
140->141 -0.08 -0.16 -0.22  0.14  0.32  0.16 -0.12  0.12  0.22 -0.16
141->142 -0.10 -0.08  0.36 -0.06 -0.24  0.14  0.06  0.12 -0.14  0.08
142->143  0.24 -0.20 -0.04  0.06  0.22 -0.10 -0.18 -0.06  0.10 -0.04
143->144 -0.04  0.42 -0.02  0.04 -0.16  0.10  0.14 -0.10  0.02 -0.12
144->145 -0.04 -0.34  0.06  0.20  0.22 -0.12 -0.02 -0.06 -0.08 -0.10
145->146  0.04  0.20  0.02 -0.04 -0.20 -0.02 -0.08  0.14 -0.02  0.28
146->147 -0.16 -0.20 -0.14 -0.20 -0.14  0.28  0.18 -0.16 -0.08 -0.10
147->148  0.16  0.24  0.04  0.20  0.22 -0.12 -0.02  0.16  0.14 -0.06
148->149 -0.12 -0.08 -0.10  0.10 -0.14  0.06 -0.06 -0.14  0.12  0.06
149->150  0.14 -0.08  0.04 -0.26  0.22 -0.16  0.12 -0.02  0.04 -0.06
150->151 -0.08 -0.06  0.24  0.10 -0.18  0.08 -0.02  0.08 -0.16  0.00
151->152 -0.26  0.10 -0.30  0.08  0.12 -0.20  0.00  0.02 -0.12  0.02
152->153  0.32  0.12  0.12 -0.08 -0.18  0.28  0.34  0.10  0.04  0.06
153->154 -0.12  0.12 -0.22 -0.26  0.12 -0.04 -0.08 -0.16  0.10 -0.02
154->155 -0.12 -0.08  0.10  0.38 -0.12 -0.36 -0.28  0.14  0.08  0.06
155->156  0.22 -0.10 -0.06 -0.14  0.22  0.24  0.26  0.12 -0.04 -0.22
156->157 -0.24 -0.12  0.06  0.30 -0.10 -0.06 -0.24 -0.56  0.08 -0.08
157->158  0.04  0.16  0.12 -0.12  0.22  0.06  0.06  0.42  0.18  0.20
158->159  0.22 -0.14 -0.04 -0.10 -0.16  0.14  0.02  0.00 -0.28  0.00
159->160 -0.08  0.34 -0.02  0.00  0.00 -0.12 -0.02  0.00  0.00  0.00

[per seed] KD->CE, teacher kd_g2: epoch-to-epoch change
seed         0     1     2     3     4     5     6     7     8     9
98->99   -0.08  0.12  0.14  0.12  0.16  0.04  0.40 -0.04 -0.38  0.10
99->100   0.36  0.08  0.16 -0.16 -0.36 -0.20 -0.28  0.14 -0.20  0.28
100->101 -0.16 -0.24 -0.26  0.20  0.36  0.22  0.00 -0.22  0.24  0.02
101->102  0.06  0.24  0.18  0.08  0.20 -0.08  0.24  0.18  0.16 -0.12
102->103  0.12 -0.18  0.08 -0.12  0.04 -0.02  0.08  0.04  0.28 -0.22
103->104  0.02  0.36  0.28  0.10  0.24 -0.02 -0.12 -0.04 -0.34  0.34
104->105 -0.08 -0.32 -0.08  0.02 -0.18  0.26  0.04  0.14  0.32 -0.12
105->106  0.30  0.22 -0.02 -0.06  0.18 -0.04  0.12 -0.02 -0.38  0.02
106->107  0.06  0.00  0.02  0.20 -0.08  0.00 -0.10  0.22  0.36  0.42
107->108 -0.04  0.04 -0.06  0.08  0.08  0.16  0.24  0.22 -0.20 -0.34
108->109  0.08  0.24  0.20 -0.22 -0.10 -0.30 -0.14 -0.22  0.06  0.10
109->110  0.06 -0.18 -0.06 -0.06  0.00  0.26  0.26  0.02  0.22  0.18
110->111 -0.02 -0.20  0.28  0.08  0.30  0.14  0.10  0.14 -0.04 -0.18
111->112 -0.14  0.20 -0.24  0.28 -0.30 -0.16 -0.30  0.08  0.06 -0.40
112->113  0.00  0.10  0.22 -0.20  0.12  0.04 -0.22 -0.30  0.08  0.20
113->114 -0.08  0.04 -0.14  0.34  0.18  0.14  0.14  0.20 -0.08  0.26
114->115  0.10  0.38  0.02 -0.12 -0.20  0.00  0.24 -0.04  0.04  0.08
115->116  0.06 -0.24  0.22 -0.12  0.16 -0.06  0.00  0.32 -0.10 -0.06
116->117  0.38 -0.16  0.02 -0.10  0.08  0.16  0.12  0.06  0.00 -0.10
117->118 -0.36  0.00 -0.38  0.08 -0.34 -0.08 -0.08 -0.26 -0.02  0.30
118->119  0.18  0.20  0.36  0.08  0.38 -0.12  0.16  0.14  0.18  0.02
119->120 -0.08 -0.06 -0.06 -0.02 -0.18  0.16 -0.02 -0.10 -0.04 -0.20
120->121 -0.14 -0.12  0.08 -0.12  0.02  0.08 -0.38  0.18 -0.08 -0.16
121->122 -0.10  0.08  0.04  0.00 -0.04  0.12  0.28 -0.08  0.06  0.54
122->123  0.16  0.16 -0.10 -0.10  0.26 -0.14 -0.14  0.04  0.16 -0.20
123->124 -0.18 -0.06  0.12  0.30 -0.20 -0.32  0.02 -0.10 -0.12 -0.18
124->125  0.10 -0.20  0.02 -0.30  0.02  0.42 -0.12  0.08 -0.02  0.14
125->126 -0.04  0.30  0.00  0.26  0.12 -0.08  0.22 -0.08  0.38  0.06
126->127  0.34 -0.04  0.06  0.16 -0.08  0.00  0.38  0.34 -0.44  0.02
127->128 -0.16 -0.10 -0.32 -0.16 -0.04  0.28 -0.16 -0.06 -0.14 -0.28
128->129 -0.08  0.02  0.26  0.22 -0.02 -0.52 -0.12  0.22  0.20  0.20
129->130  0.14 -0.18 -0.10 -0.08  0.02  0.20 -0.04 -0.14  0.02  0.00
130->131 -0.06  0.28  0.10  0.06  0.04 -0.06  0.06 -0.30  0.02  0.26
131->132  0.06  0.06 -0.08 -0.06  0.30  0.24  0.04  0.06  0.00  0.04
132->133 -0.22 -0.10 -0.04  0.06 -0.22  0.06  0.02  0.16  0.04 -0.18
133->134  0.26 -0.16 -0.04 -0.12  0.06 -0.28  0.02 -0.04  0.00 -0.18
134->135  0.00  0.24  0.18 -0.12  0.14  0.34  0.18  0.12  0.14  0.46
135->136 -0.20 -0.06 -0.04  0.18 -0.10 -0.04 -0.22 -0.04 -0.36 -0.02
136->137  0.18  0.12 -0.02 -0.08 -0.02 -0.28 -0.10  0.10  0.20 -0.14
137->138  0.02 -0.04 -0.08  0.26 -0.18  0.34  0.02 -0.14  0.02  0.00
138->139  0.12  0.00  0.00 -0.22  0.08 -0.16  0.24  0.14 -0.04 -0.02
139->140  0.04  0.10  0.62 -0.06  0.24  0.04 -0.16 -0.38  0.22  0.12
140->141 -0.24  0.18 -0.28  0.12  0.04 -0.14  0.08  0.02 -0.12 -0.22
141->142  0.00 -0.32 -0.10  0.00  0.06  0.24 -0.08  0.54 -0.06  0.10
142->143  0.30  0.10  0.04 -0.02  0.04 -0.12 -0.04 -0.26  0.00  0.18
143->144 -0.08 -0.02  0.18 -0.16 -0.24 -0.16  0.24  0.12 -0.06 -0.10
144->145  0.00 -0.22 -0.12  0.14  0.02  0.24 -0.08 -0.32  0.24 -0.08
145->146  0.16  0.30  0.16 -0.02  0.22 -0.16 -0.14  0.20 -0.12 -0.12
146->147 -0.10 -0.38 -0.20  0.06 -0.14 -0.24 -0.02 -0.20 -0.08  0.12
147->148  0.04  0.42  0.12 -0.16  0.12  0.20  0.04  0.10  0.00  0.00
148->149  0.00 -0.20 -0.16  0.22  0.02 -0.02  0.04  0.32  0.16  0.22
149->150 -0.12 -0.30  0.16  0.10  0.00  0.06  0.16 -0.44 -0.18 -0.24
150->151  0.04  0.34  0.14 -0.02 -0.14 -0.22 -0.34  0.42  0.18  0.14
151->152 -0.26 -0.26  0.14 -0.04  0.18  0.36  0.46 -0.12 -0.24 -0.04
152->153  0.22 -0.16 -0.36 -0.02 -0.24 -0.10 -0.32  0.20  0.56 -0.10
153->154 -0.04  0.40  0.18 -0.06  0.06 -0.08  0.28 -0.16 -0.20  0.08
154->155  0.24 -0.22 -0.04 -0.06  0.10  0.12 -0.22 -0.02 -0.16 -0.06
155->156 -0.16  0.06  0.10  0.12  0.32 -0.02  0.18  0.02 -0.06  0.06
156->157 -0.24  0.02 -0.14  0.10 -0.26  0.08  0.12 -0.28  0.10 -0.02
157->158  0.36  0.06  0.28 -0.30 -0.06 -0.02 -0.08  0.34 -0.18 -0.04
158->159 -0.38 -0.26 -0.38  0.10 -0.16  0.14 -0.12 -0.08  0.14  0.28
159->160  0.26  0.20  0.36  0.16  0.34 -0.20 -0.16 -0.10  0.14 -0.34
